2060
2064
4045
4287
4288
4300
4301
4302
4431
4466
4494
4571
4576
4579
4582
4587
4588
4589
4590
4596
4597
4601
4603
4604
4605
4606
4609
4612
4613
4614
4615
4616
4617
4619
4620
4621
4622
4623
4628
4630
4631
4640
4641
4642
4643
4644
4648
4649
4650
4651
4652
4653
4654
4655
4656
4657
4658
4659
4660
4670
4678
4683
4684
4685
4687
4688
4689
4690
4691
4692
4696
4697
4698
4699
4700
4706
4707
4708
4709
4710
4711
4933
4934
4935
4937
4938
4939
4940
4941
4942
4943
4945
4946
4947
4948
4949
4950
4951
4952
4953
4954
4955
4956
4957
4959
4960
4961
4962
4963
4964
4965
4966
4967
4968
4971
4972
4974
4975
4977
4978
4979
4980
4982
4983
4984
4985
4986
